[gd_scene load_steps=11 format=2]

[ext_resource path="res://objects/Player.tscn" type="PackedScene" id=1]
[ext_resource path="res://scripts/Ability.gd" type="Script" id=2]
[ext_resource path="res://scripts/abilities/Teleport.gd" type="Script" id=3]
[ext_resource path="res://ui/Interface.tscn" type="PackedScene" id=4]
[ext_resource path="res://objects/Attack.tscn" type="PackedScene" id=5]
[ext_resource path="res://scripts/abilities/Shoot.gd" type="Script" id=6]

[sub_resource type="BoxShape" id=1]
extents = Vector3( 30, 1, 30 )

[sub_resource type="CubeMesh" id=2]
size = Vector3( 60, 2, 60 )

[sub_resource type="BoxShape" id=3]
extents = Vector3( 5, 2, 1 )

[sub_resource type="CubeMesh" id=4]
size = Vector3( 10, 4, 2 )

[node name="Main" type="Node"]

[node name="Interface" parent="." instance=ExtResource( 4 )]

[node name="Ground" type="StaticBody" parent="."]
transform = Transform( 1, 0, 0, 0, 1, 0, 0, 0, 1, 0, -1, 0 )

[node name="CollisionShape" type="CollisionShape" parent="Ground"]
shape = SubResource( 1 )

[node name="MeshInstance" type="MeshInstance" parent="Ground"]
mesh = SubResource( 2 )
material/0 = null

[node name="DirectionalLight" type="DirectionalLight" parent="."]
transform = Transform( -1, 0, -8.74228e-08, -6.18172e-08, 0.707107, 0.707107, 6.18172e-08, 0.707107, -0.707107, 0, 27.1051, 0 )
shadow_enabled = true

[node name="Wall" type="StaticBody" parent="."]
transform = Transform( 0.305928, 0, 0.952055, 0, 1, 0, -0.952055, 0, 0.305928, 5.72755, 1.7304, 11.1785 )

[node name="CollisionShape" type="CollisionShape" parent="Wall"]
shape = SubResource( 3 )

[node name="MeshInstance" type="MeshInstance" parent="Wall"]
mesh = SubResource( 4 )
material/0 = null

[node name="Player" parent="." instance=ExtResource( 1 )]
transform = Transform( 1, 0, 0, 0, 1, 0, 0, 0, 1, -16.735, 1, 0 )
ability_paths = [ NodePath("Ability1"), NodePath("Ability2"), NodePath("Node2"), NodePath("Node2"), NodePath("Node2"), NodePath("Node2"), NodePath("Node2") ]
camera_path = NodePath("Camera")

[node name="Camera" type="Camera" parent="Player"]
transform = Transform( 1, 0, 0, 0, 0.707107, 0.707107, 0, -0.707107, 0.707107, 0, 14.96, 13.884 )

[node name="Node2" type="Node" parent="Player"]
script = ExtResource( 2 )

[node name="Ability1" type="Node" parent="Player"]
script = ExtResource( 3 )
cooldown_default = 2.0
cast_delay = 1.0

[node name="Ability2" type="Node" parent="Player"]
script = ExtResource( 6 )

[node name="Attack" parent="." instance=ExtResource( 5 )]
transform = Transform( 1, 0, 0, 0, 1, 0, 0, 0, 1, -7.41131, 1.1995, -3.44241 )
collision_mask = 3
