[gd_scene load_steps=7 format=2]

[ext_resource path="res://ui/Interface.tscn" type="PackedScene" id=4]
[ext_resource path="res://objects/NetworkManager.tscn" type="PackedScene" id=7]

[sub_resource type="BoxShape" id=1]
extents = Vector3( 30, 1, 30 )

[sub_resource type="CubeMesh" id=2]
size = Vector3( 60, 2, 60 )

[sub_resource type="BoxShape" id=3]
extents = Vector3( 5, 2, 1 )

[sub_resource type="CubeMesh" id=4]
size = Vector3( 10, 4, 2 )

[node name="Main" type="Node"]

[node name="Interface" parent="." instance=ExtResource( 4 )]

[node name="Ground" type="StaticBody" parent="."]
transform = Transform( 1, 0, 0, 0, 1, 0, 0, 0, 1, 0, -1, 0 )

[node name="CollisionShape" type="CollisionShape" parent="Ground"]
shape = SubResource( 1 )

[node name="MeshInstance" type="MeshInstance" parent="Ground"]
mesh = SubResource( 2 )
material/0 = null

[node name="DirectionalLight" type="DirectionalLight" parent="."]
transform = Transform( -1, 0, -8.74228e-08, -6.18172e-08, 0.707107, 0.707107, 6.18172e-08, 0.707107, -0.707107, 0, 27.1051, 0 )
shadow_enabled = true

[node name="Wall" type="StaticBody" parent="."]
transform = Transform( 0.305928, 0, 0.952055, 0, 1, 0, -0.952055, 0, 0.305928, 5.72755, 1.7304, 11.1785 )

[node name="CollisionShape" type="CollisionShape" parent="Wall"]
shape = SubResource( 3 )

[node name="MeshInstance" type="MeshInstance" parent="Wall"]
mesh = SubResource( 4 )
material/0 = null

[node name="NetworkManager" parent="." instance=ExtResource( 7 )]

[node name="Camera" type="Camera" parent="."]
transform = Transform( 1, 0, 0, 0, 0.872044, 0.489428, 0, -0.489428, 0.872044, -1.09804, 15.957, 30.7628 )
